501
269
292
-167
278
241
-89
-123
114
-19
-116
-126
 97
137
120
-42
126
-102
242
243
-181
 -8
233
185
 18
-197
-48
 59
-158
-131
 41
-22
131
-195
214
 42
-178
 80
237
-88
118
134
-125
  0
225
-77
122
130
285
-160
-61
 99
-99
-31
193
240
227
-90
228
177
 58
-164
297
-193
 79
235
151
-66
206
-143
259
-93
-20
 44
158
236
116
-14
 74
  7
 52
-28
 25
184
247
-138
-64
 14
 43
 93
199
216
104
 87
 -7
-11
-16
 -9
191
282
-199
266
  9
 23
-115
264
-94
-151
 67
 36
182
102
 47
250
156
 91
142
 33
105
-140
 22
211
288
272
-110
 62
176
117
 51
-71
 53
-153
188
208
 76
274
108
238
196
 16
232
168
175
248
230
249
-191
 27
139
 85
 32
-70
-78
-79
-47
-59
-38
 34
-73
 69
179
 82
-17
-97
-175
-36
 72
-154
-183
205
-119
 77
 89
119
146
127
-67
 84
217
 39
 28
265
 75
-103
268
 29
150
-111
-101
290
164
223
281
160
291
135
244
-50
163
-200
128
170
110
 17
-86
-113
 57
 30
287
-180
  8
  6
171
-177
 -5
-10
-194
-87
220
-156
180
-95
154
 13
190
133
 48
294
197
 11
251
-82
-187
167
283
113
  4
-157
 55
-127
-23
 26
121
-12
270
300
254
200
 10
 40
-133
115
-39
-85
 49
-62
187
-184
 56
-32
 73
-145
 -3
 60
-83
-170
152
-141
 78
-56
-146
-65
-179
-45
 54
-41
-68
-137
-182
-120
  1
229
-149
245
277
194
-25
275
-161
271
298
 31
258
267
 20
-34
-27
 88
-57
-136
218
 -4
 98
100
112
 45
-51
-172
 -6
148
 12
143
-129
263
-196
284
159
239
213
257
261
189
-168
147
162
144
-135
 -2
173
-163
161
155
-81
 63
299
181
-192
166
 -1
 95
 15
296
-185
-29
 37
226
-106
221
124
 24
-173
-54
215
-124
-108
-130
-35
-128
140
186
101
231
-105
-171
280
-166
-33
-80
109
-43
246
192
-186
295
 50
204
-147
-49
149
201
172
-44
106
153
-21
178
  5
145
-52
260
-189
125
-69
-75
202
 21
203
-162
107
-24
234
 83
183
-37
-96
111
222
169
-30
-132
 61
-15
-104
-122
-152
 38
-107
-98
-84
-63
-118
174
 66
 70
276
253
-139
-72
 94
 64
141
198
 68
255
-176
-144
  2
-165
-60
 71
-109
165
-112
 86
219
-134
138
136
 92
103
-150
-55
224
-174
-40
-91
-198
-188
-155
-53
293
-142
-13
 46
-26
-169
209
256
279
-114
 81
 65
129
286
-74
 90
132
-58
195
-76
  3
 35
 96
273
289
-92
252
210
207
-46
-159
-148
 19
-190
-100
262
-117
-121
123
212
157
-18
